10  3  6  3  5  7  2 10  1  2  8  5 
 6  3  6  3  5  3  2 10  1  2  3  5 
 4  3  4  3  1  3  2  4  1  2  1  4 
 3  3  3  3  1  3  2  1  1  2  1  4 
 6  5  6  3  5  8  5 10  4  5  6  5 
 6  5  6  3  5  8  1  4  3  3  6  2 
 6  8  6  3  5  9  8  4  3  3  8  4 
 8  8  7  5  5  9  9  4  3  4  8  8 
10  8  7  5  5  9 10  4  3  7 10  8 
10 10  7  5  8  9 10  4  3  7 10  8 
 1  6  1  4  5  7  1  4  3  6  6  2 
 2  6  9  9  8  7 10  4  6  9 10  8 
 7 10  9  9  8  7 10  5  9  9 10  8 
 9 10  9  9 10  7 10  7 10  9 10  8 
10 10  9  9 10  9 10  7 10  9 10  8 
 9  9  5  3 10  6  3  7  2  8  3  8 
 9 10  5  6 10  7  3  7  7  8 10 10 
 6  6  5  6  2  7  3  5  7  6  3  8 
 7  6  6  9 10  8  3  9  7  6  6 10 
 5  6  6  9  7  1  3  1  5  5  3  8 
Відношення строгого порядку на мн-ні критеріїв
(впорядкування за спаданням важливості):
k1>k11>k9>k2>k10>k7>k12>k8>k5>k3>k4>k6
Відношення квазіпорядку на мн-ні критеріїв
(класи впорядковані за зростанням важливості):
{k1,k6,k7} < {k3,k4,k10,k12} < {k2,k5,k8,k9,k11} 